1001         18
1002         18
6001         15
6002         15
6003         07
6004         07
6005         15
6006         15
6007         07
6008         07
6009         15
6010         15
6011         07
6012         07
6013         15
6014         15
6015         07
6016         07
6017         14
6018         14
6019         06
6020         06
6021         14
6022         14
6023         06
6024         06
6025         14
6026         14
6027         06
6028         06
6029         14
6030         14
6031         06
6032         06
6033         12
6034         12
6035         04
6036         04
6037         12
6038         12
6039         04
6040         04
6041         12
6042         12
6043         04
6044         04
6045         12
6046         12
6047         04
6048         04
6049         13
6050         13
6051         05
6052         05
6053         13
6054         13
6055         05
6056         05
6057         13
6058         13
6059         05
6060         05
6061         13
6062         13
6063         05
6064         05
6065         08
6066         08
6067         00
6068         00
6069         08
6070         08
6071         00
6072         00
6073         08
6074         08
6075         00
6076         00
6077         08
6078         08
6079         00
6080         00
6081         09
6082         09
6083         01
6084         01
6085         09
6086         09
6087         01
6088         01
6089         09
6090         09
6091         01
6092         01
6093         09
6094         09
6095         01
6096         01
6097         11
6098         11
6099         03
6100         03
6101         11
6102         11
6103         03
6104         03
6105         11
6106         11
6107         03
6108         03
6109         11
6110         11
6111         03
6112         03
6113         10
6114         10
6115         02
6116         02
6117         10
6118         10
6119         02
6120         02
6121         10
6122         10
6123         02
6124         02
6125         10
6126         10
6127         02
6128         02
7001         16
7002         16
7003         17
7004         17
7005         17
7006         17
7007         16
7008         16
8001         16
8002         16
8003         17
8004         17
8005         17
8006         17
8007         16
8008         16
9001         20
9002         20
9003         20
9004         20
9005         20
9006         20
12001         20
