0   0  6 10 ZS1H
1   1  6 10 ZS1L
2   2  6 10 ZS2H
3   3  6 10 ZS2L
4   4  6 10 ZS3H
5   5  6 10 ZS3L
6   6  6 10 ZSSH
7   7  6 10 ZSSL
8   8  6 10 ZN1H
9   9  6 10 ZN1L
10  10 6 10 ZN2H
11  11 6 10 ZN2L
12  12 6 10 ZN3H
13  13 6 10 ZN3L
14  14 6 10 ZNSH
15  15 6 10 ZNSL
16  48 6 10 VNF
17  49 6 10 VNB
18  -1 -1 -1 x
19  -1 -1 -1 x
20  -1 -1 -1 x
21  -1 -1 -1 x
22  -1 -1 -1 x
23  -1 -1 -1 x
24  -1 -1 -1 x
25  -1 -1 -1 x
26  -1 -1 -1 x
27  -1 -1 -1 x
28  -1 -1 -1 x
29  -1 -1 -1 x
30  -1 -1 -1 x
31  -1 -1 -1 x
32  -1 -1 -1 x
33  -1 -1 -1 x
34  -1 -1 -1 x
35  -1 -1 -1 x
36  -1 -1 -1 x
37  -1 -1 -1 x
38  -1 -1 -1 x
39  -1 -1 -1 x
40  -1 -1 -1 x
41  -1 -1 -1 x
42  -1 -1 -1 x
43  -1 -1 -1 x
44  -1 -1 -1 x
45  -1 -1 -1 x
46  -1 -1 -1 x
47  -1 -1 -1 x
48  16 9 15 SMDNH1
49  17 9 15 SMDNH2
50  18 9 15 SMDNH3
51  19 9 15 SMDNH4
52  20 9 15 SMDNH5
53  21 9 15 SMDNH6
54  22 9 15 SMDNH7
55  23 9 15 SMDNH8
56  24 9 15 SMDNV1
57  25 9 15 SMDNV2
58  26 9 15 SMDNV3
59  27 9 15 SMDNV4
60  28 9 15 SMDNV5
61  29 9 15 SMDNV6
62  30 9 15 SMDNV7
63  31 9 15 SMDNSS
64  -1 -1 -1 x
65  -1 -1 -1 x
66  -1 -1 -1 x
67  -1 -1 -1 x
68  -1 -1 -1 x
69  -1 -1 -1 x
70  -1 -1 -1 x
71  -1 -1 -1 x
72  -1 -1 -1 x
73  -1 -1 -1 x
74  -1 -1 -1 x
75  -1 -1 -1 x
76  -1 -1 -1 x
77  -1 -1 -1 x
78  -1 -1 -1 x
79  -1 -1 -1 x
80  50 8 12 VSF
81  51 8 12 VSB
82  -1 -1 -1 x
83  -1 -1 -1 x
84  -1 -1 -1 x
85  -1 -1 -1 x
86  -1 -1 -1 x
87  -1 -1 -1 x
88  -1 -1 -1 x
89  -1 -1 -1 x
90  -1 -1 -1 x
91  -1 -1 -1 x
92  -1 -1 -1 x
93  -1 -1 -1 x
94  -1 -1 -1 x
95  -1 -1 -1 x
96  -1 -1 -1 x
97  -1 -1 -1 x
98  -1 -1 -1 x
99  -1 -1 -1 x
100 -1 -1 -1 x
101 -1 -1 -1 x
102 -1 -1 -1 x
103 -1 -1 -1 x
104 -1 -1 -1 x
105 -1 -1 -1 x
106 -1 -1 -1 x
107 -1 -1 -1 x
108 -1 -1 -1 x
109 -1 -1 -1 x
110 -1 -1 -1 x
111 -1 -1 -1 x
112 32 6 12 SMDSH1
113 33 6 12 SMDSH2
114 34 6 12 SMDSH3
115 35 6 12 SMDSH4
116 36 6 12 SMDSH5
117 37 6 12 SMDSH6
118 38 6 12 SMDSH7
119 39 6 12 SMDSH8
120 40 6 12 SMDSV1
121 41 6 12 SMDSV2
122 42 6 12 SMDSV3
123 43 6 12 SMDSV4
124 44 6 12 SMDSV5
125 45 6 12 SMDSV6
126 46 6 12 SMDSV7
127 47 6 12 SMDSSS
